1	1.0	4734	4086	90	23558	83737	23163	1855	7322	23327	4090	1193	55361	88455	10043	9413	54472	6337	11059	22905	57520	57561	134285	25807	146691	7805	23072	129446	404093	286676
2	1.0	5777	2885	4067	2534	6464	1445	3932	867	5295	7454	3055	3635	1398	6452	1399	5788	5747	2690	6654	9743	238	4690	5335	356	7525	2549	868	8935	3702	695	9402	3937	2057	919	7409	5336	5829	5296	29760	7410	6714	2213	613	27	3636	5921	3815	26228	6850	8503	2268	11184	5236	6461	10818	55824	79834	9846	51110	79890	25759	25642	24300	8651	71520	100910877
3	1.0	5355	8834	1287	9370	5354	10447	26984	51257	157567	85013	23780	27346	359	51522	58191	51141	4284	51390	149461	255043	344892	401152	403313
4	1.0	1982	5211	1314	2975	6748	1315	10051	79711	64682	2956	27292	9943	8546	55700	10607	3611	5426	7283	9276	10049	9328	1468	9330	5424	1488	5903	3796	10592	8894	10483	372	22820	10061	9631	8473	25929	10973	23347	11316	84946	54870	55898	55658	128239
5	1.0	4215	5605	9759	7919	11035	5621	10013	3778	57154	11124	408	3674	1435	23012	27130	49856	9924	8969	1871	4543	4544	11315	678	51762	7319	64400	7024	3872	81631	63929	800	23322	79959	54806	6497	6103	3363	8139	23645	7134	9636	5978	26136	79968	54908	155061	8266	26260	84959	474	343035	54790	85477	54596	6451	151194	7442	4255	57531	79038	221302	202299
6	1.0	958	1947	1131	1945	1687	2041	25953	4070	2993	79594	113174	28969	8459	970	284369	118881	27076	11001	6327	27020	25763	153579	51161	255809	374907
7	1.0	1266	824	231	4163	2171	2806	3106	6183	6240	55872	306	5037	501	79077	4190	382	5870	5358	5217	2962	3251	2035	2947	39	6902	5202	11034	7247	9521	8724	8407	1845	55964	5352	55201	4927	2739	11017	55644	22854	11197	3421	55737	10487	79892	9559	158	1371	2879	2876	79631	9317	9607	9997	51727	64419	80308	80273	27436	51534	51400	81929	64122	55236	55031	81609	7873	4836	80347	55915	5020	85313	84817	10044	285193	51207	93487	115207	136319	84836
8	1.0	51475	100131303	254778
9	1.0	6455	1785	8867	1213	998	8976	7456	274	5879	2017	667	5286	1601	10787	10006	50618	4646	163	25930	160	8615	8936	23048	26999	8301	23607	30011	58513	2580	10618	29993	4952	288	9685	10427	64398	8522	9919	1729	9322	8650	29763	22848	23299	23268	115548	51512	10810	10586	51517	55971	94134	83448	84933
10	1.0	3689	7037	6507	55041	6386	972	950	177	3083	7849	1813	10484	1962	4232	916	25898	929	2212	100506658	10961	51177	51324	10087	27236	29781	4354	55529	2581	495	64744	127544	81551	3452	79922	5104	9885	28990	26045	79901	56413	9123	80331	7809	84072	6915	2700	56667	161198	10841	127833	151393	284021	286827	83787	283985	163882	4327	196792	339967	134701	653437	339390	110599583	196264	126326
11	1.0	219738	7905	6048	10488	527	433	2222	22908	8760	23204	26580	51300	60314	9145	6307	51170	10897	6541	57130	83862	92840	64755	94097	55333	347734	11070	91137	56894	162427	151188	203547	56895	116173	144404	113402	340481	643853	643236	493856
12	1.0	7534	672	988	5595	2335	1956	1499	997	2099	2100	70	1738	5245	999	6780	2177	4137	4171	7112	7316	4287	4914	10594	1080	5071	11345	6045	79577	6119	7428	4609	328	10413	10551	2122	10987	22938	120892	7182	23710	9343	51741	7412	55011	25980	112399	55611	6787	55832	90850	144100	26270	9097	83987	65018	57664	124976
13	1.0	57822	29841
14	1.0	291	581	2697	857	5868	1743	506	293	2771	2773	9131	1650	488	7417	523	2319	154	10211	57498	2923	1355	6472	513	4905	6520	9551	7879	54822	26509	3710	7416	128866	657	7384	25915	4257	23197	4702	1829	6646	6341	5825	30968	23038	9525	25978	10857	81671	26355	65108	7388	27089	56993	6683	25813	374291	441531
15	1.0	1366	638	3804	963	4582	147872	56681	120939	92344	56947	23786	7113	79022	200894	10158	219402	84522	200232	120224	283232	493869	339302	408263	254827	342900
16	1.0	5079	5451	11030	55145	23087	3238	7699	4802	23522	147463	221395	64718	6591	148523	11281	54587	113730	79754	84688	126295	388753
17	1.0	821	5770	6513	858	10956	11146	483	2181	10959	6836	550	3105	10134	55969	2182	6047	9218	3895	57003	54499	28976	51295	57510	8086	26092	10999	1718	57142	9238	9197	150274	25874	57326	54940	9694	51337	51651	125988	10908	54495	55967	7179	114882	55735	148223	51026	79651	54968	10026	337867	91445	55848	81622	79939	340061	55716	202915
18	1.0	10482	3709	7802	396	4478	7430	9351	388	10755	9368	203	7353	5962	3148	5429	4343	55827	402	64854	57599	55823	23035	1308	54874	23008	51699	29099	83871	5255	9650	8904	254427	283208	8496	92610	84085	8975	56984	80000	112936	131034	91833	219333	29984	55684	25932	53405	55975	23082	55572	10486	150465	54509	79172	5341	9712	1814	6674	83547	79822	79778	23252	146050	10335	54102	643314	153562	342909	374462	340990
19	1.0	529	526	535	528	534	9550	525	9114	51382	9296	23335	23545	10312	641372
20	1.0	8861	9079	23635	3670	64843	8022	4009
21	1.0	11328	1284	1280	1289	1282	1288	8985	4313	1303	80781	338872	866	5008	1296	114897	3904	114898
22	1.0	122183	165140	729233	729240	729246	729250
23	1.0	11194	57198	10195	10162	6542	25880	10560	1040	57515	54898	54733	8694	81537	121665	128486	3992	11015	201158	84889	84920	84187	256471	126321	9057	92255	253782	201562	653519	284098	153396
24	1.0	3329	6182	2108	6150	5163	3396	6832	10455	10449	23597	87178	211	55006	51116	5442	51559	60487	84263	81892	85865	64951	26589	79587	55052	10201	27068	64978	28977	64288	51373	201626	92667	115361
25	1.0	9668	51473	6991	84002
26	1.0	8740	961	5047	9076	51280	665	4012	2040	6890	2686	8879	55177	5817	2815	8324	3783	6692	345757	5002	55454	10668	201931	29121	8323	65010	944	163183	126792	81833	4259	338761	26253	79157	81618	3084	360	3821	54947	199953	8000	252839	126364	388633	28231	376497
27	1.0	9439	9968	81857	10025	9862	9282	5469	9969	55588	9440	6720	51586	54620	116931
28	1.0	1615	2058	3181	3376	5917	4141	3735	5859	6421	8531	23450	5351	10642	9255	9991	2926	10644	3188	10128	10992	9782	5610	7965	25940	29894	51520	54845	79670	84309	10658	220988
29	1.0	5894	3320	10971	3312	3303	1397	9532	387	1163	389	5774	403	10298	8408	558	4296	2643	9140	11140	9246	9604	23328	25937	5716	4093	113130	4634	4210	3757	51569	9750	2203	9306	8291	9270	55363	23552	2038	54778	56924	10273	63943	8558	10612	66824	9870	53635	56683	9703	27330	79020	1302	55665	4168	84986	9132	11074	4640	79791	29950	11108	55521	114548	85409	20719	57608	92002	140597	27019	117583	391257	85415	126206	84501	140803	255308	125336	373509	441058	345079
30	1.0	3909	1667	10220	1088	5270	7078	57152	590	4250	55959	6901	10022	1690	1486	728358	84866	79411	3423	28755	54414	6348	11126	79630	158062	114905	85319	5212	124842
31	1.0	4496	23676	84651	4495
32	1.0	2134	6588	1896	10562	22845	79956	57463	51114	56927	9917	7485	79053	79147	8639	79089	64748	245934	89885	10861	64184	57709	54852	55507	56649	84283	10219	129787	84620	121793	284415	202459
33	1.0	3480	5782	4803	2065	9625	9647	7010	5495	4920	5754	11072	63904	4919	142679	22853	5801	6815	80895	338599	150290
34	1.0	567	92	1003	659	91	51094	3384	5139	491	22883	1943	1244	492	2589	22926	1134	9883	5311	163702	57380	51097	9248	51704	56144	81035	3748	23400	27333	1388	55002	8788	115209	84919	28965	20	84899	7850	55744	27248	9388	51435	133121	9993	4254	221496	58473	84978	140767	146183	10008	50856	1262	284996	55016	5172	64109	282618	114801	84561	390439
35	1.0	4915	4068	2064	4233	6503	8412	2242	5787	7006	7145	4921	4145	5753	25970	400745	10603	9047	9021	10451	53358	84941	84951	117157	84174	9655	100911248	399694	313211
36	1.0	126119	400591	220074
37	1.0	407043	406884	406891	574031	406881	406883	406882	406885	406886	406889	406890	407054	407046	406949	406980	406981	574032	406991	407014	407026	407040	407041	406899	406900	406916	406929	406930	406933	406947	406983	406985	407007
38	1.0	1595	109	5140	26262	10712	55253	79877	54884	26020	118987	57655	22937	51635	55584	1527	10653	79669	202052	11120	11000	221955	55283	64699	1144	3109	5283	84885	100134938	107983993
39	1.0	5116	8481	55081	5108	51199	636	1062	9738	23354	55125	11064	10198	55755	8556	4957	26586	121441	26005	84318	10464	9857	22994	7798	85379	79649	54801	26160	10806	134359	79848	22832	55142	93492	84960	152185	80254	93594	56963	317762	257236	729440
40	1.0	56616	63910	283600	84441
41	1.0	253827	221718	80350
42	1.0	4760	1602	2140	2138	2139	51804	6495	10736	7090	4762	2070	147912
43	1.0	2147	2805	392	1230	51604	4154	2244	3053	6278	1075	5269	720	5275	6318	5340	51669	9127	64787	55577	55014	51251	10554	220	10397	5271	3936	51077	5653	84173	5345	51066	79541	252995	151516	26085
44	1.0	1605	3265	5364	949	334	3685	3688	3693	3897	3845	2324	4893	5796	3673	3916	3956	3655	5792	23654	3678	102	5795	5800	4486	3912	6868	928	5727	3949	9497	6259	79932	51599	3675	27131	10507	22795	57685	26232	10217	26032	26018	10205	121227	57451
45	1.0	10474	8464	10629	55578	56970	9913	27097	64342	117143
46	1.0	3488	1946	10430	2706	54842	7780	10385	53826	55238	84975	5407	56913	84314	9560	5349	56935	286451	222642	85025	144110	134391	254428	84102	286753	388372	503497	100288797	653166
47	1.0	6736	5455	6663	4801	5077	5454	5456	60529
48	1.0	6597	6602	6667	6601	6599	190	5460	8467	29842	6657	8289	55274	57167	79923	2103	1045	2304	2001
49	1.0	2709	29986	9080	128674	64115	80740
50	1.0	9675	63892	64328	55027	79675	54919	9735	23214	115704	54808	51194	55732	80185
51	1.0	10069	125476	51527	2986	5357	2585	81034	27013	11123	1393	119032	26532	56203	81890	27010	131965	399669	401563	92675	100507161
52	1.0	3038	7104	80833	222662	145957	400120	53842	3118
53	1.0	41	3133	3107	6443	3123	3125	6440	1047	1209	81831	9451	23240	3714	10505	3140	146456	55515	57691	9746	23439	22953	3077	283870	9976	3824	56244	113277	266977	100507680
54	1.0	55257	10902	8295	54556	55929	57634	54799	10761
55	1.0	3192	302	1072	58	10399	1915	87	81	498	871	3184	3030	2023	292	3301	6210	5214	7431	3313	71	1832	829	7170	4637	6188	4176	1778	6189	3857	4673	3843	3183	6133	6228	9349	4430	5250	10627	6233	5479	5708	6124	1933	3875	2288	4282	5688	2934	5216	1192	10294	3615	5702	3921	5686	5339	1984	5036	5110	3692	7284	6165	9093	10728	7086	1828	11331	5230	10963	103910	10521	7184	26135	55920	10935	10606	10314	80349	92609	8402	84790	203068	79026	192111	391634	158078
56	1.0	29095	4696	11343	94103	94101	10553	8529	55365	757	10826	25972	56900	339665	158866	131616	84065	57228	125875	80148	157378	94107	170575	154467	203062	387923	127845	347516	729515	389336
57	1.0	468	54785	55559	64219	22930	9338	10868	9755	147841	26286	57509	151011	54821	80824	80139	9910	84220	727851	9700	23024	135398	55704	138199	23262	23729	54887	114876	114781	79917	7737	84289	27128	64844	10141	55527	387755	80208	283643	645455	138151	84871	729540	256714	132949	160851	100132979	100533106	392490
58	1.0	8717	355	331	8737	7314	1147	7341	7132	4792	4791	9641	7278	10010	6885	29110	7189	7124	329	8772	4615	27429	7128	4055	9025	10892	56957	10133	57506	7099	51132	3300	54106	10318	8405	10193	2919	81858	152137	128178	84911	112401	92912	339745
59	1.0	2596	5911	2770	29956	1795	4916	5793	9826	2776	10672	55007	64853	6382	1456	81669	421	64866	5790	23167	56940	9294	733	284427	23365	54331	57590	8778	84548	57465	3669	113179	7096	5453	57678	6392	26225	26341	414149
60	1.0	1021	1019	6794	1029	405	5608	1969	4771	5607	51343	11186	894	960	8678	2911	4194	3082	1030	5606	7015	8463	2264	23624	26524	11014	6658	84662	27286
61	1.0	5350	10559	4818	79415	27230	27315	956	4815	55273	23566	27302	79161	80195	9283	169026	84912	112616	161145	400258	388588
62	1.0	4580	25979	2152	51537	622	6855	6834	9425	55326	23787	132001	2677	84274	124565	63917	51241	10463	10948	10478	10166	11326	79085	80167	81855	55863	139322	51440	80775	64216	9556	10268	79966	60386	345778	196074	7127	92703	147015	55972	399512
63	1.0	9414	57369	333929
64	1.0	3716	1434	23331	990	11218	8487	7272	8907	9026	9894	3155	1948	23612	4105	9690	6383	23001	987	23588	22870	5134	54963	10459	26046	721	23392	27347	29911	23312	1374	79072	58190	6293	54552	23064	51626	5338	55750	9918	23310	8729	10101	9928	85395	6102	9875	25778	25894	9847	51603	27074	201627	6196	79833	81624	63826	51004	55127	140609	54892	85365	285605	388951
65	1.0	25934	7386	8192	55278	10380	4817	55687	205	5166	84869	81889	23438	79731	23395	55157	51067	55028	26164	29960	5009	339229	54988	54059	283459	10295	285367	122830	93408
66	1.0	2316	2317	832	1627	830	60	6709	4628	4627	6711	4641	5500	8826	7168	10097	29766	399687	22919	51474	23603	11346	6840	9260	810	80179	54443
67	1.0	412	9990	6558	493	3964	2812	1182	112	2535	55362	3965	9249	11045	7976	2030	10052	84720	8501	9780	1836	51092	7779	10723	56996	5739	286410	83877	80131	374308	219995	79570	399909	26538	284194	654346
68	1.0	2207	51614	973	10682	80346	148534	51075	6570	55800	136263	65062	1534	3763	6785	6554	81853	23484	84641	2703	363	2866	51006	2867	203562	90993	116151	345274	390212	345275
69	1.0	5058	5635	5636	5631	9046	5598	10625	2005	79955	440689	254295	116447	401036	140456	219595
70	1.0	1009	771	29953	50512	57476	84895	54762	90956	285315	79137	108888	10750	9760	27242	57549	64405	113868	161882	92558	80021	645104	285368	255520	57211	729857
71	1.0	2209	2912	3563	10804	2707	2705	4988	57689	951	23562	10686	27040	706	27240	917	55353	747	54923	51661	10568	23306	9071	51078	8992	971	51090	2055	84336	6563	4225	51338	23554	346	9075	2572	366	55069	7274	340348	259236	199675
72	1.0	10550	478	3604	7466	5029	9170	489	2137	1901	53	79143	9777	479	51009	23333	9653	137964	10280	140707	51290	55890	57181	51108	25800	9950	25963	9144	79572	9152	90231	91304	27032	2859	8698	84233	136	148867	81490	128869	83930	54328
73	1.0	801	805	808	6261	4638	5534	8536	9545	1264	25827	1068	55156	5153	23216	5137	5136	9098	57614	79641	326624	171140
74	1.0	8573	323	2803	3191	10084	4026	4798	93973	5033	9063	9444	668	56950	5042	6311	1994	3267	51014	25792	2965	1479	8204	4622	8815	8621	57148	1998	9678	23272	57403	7270	23099	79832	84135	51454	134353	79915	84248	23219	5875	55602	84735	342979	25771	3169	25801	7546	64359	55133	114984	2267	80303	7029	51248	26127	65095	84524	56919	2254	10390	51095	84056	51065	107	64324	4671	81550	84939	55206	57402	59338	29101	7007	64094	145567	83715	79567	57007	57661	79977	100302736	653489	65124	158586
75	1.0	3146	2512	51747	6732	6626	5764	8087	1195	7138	25861	648	54726	5080	7072	6636	2976	9774	10138	84078	89890	51593	8106	4192	5187	6733	55701	23708	55505	923	271	29899	90441	1993	9931	9053	25852	54994	10950	10244	10915	23131	55692	64062	11193	79650	79080	2307	440563	388969	51665	84333	51691	55239	132430	84938	266971	494119	388701	26233	55810	94234	83679	100532731	117531
76	1.0	3798	3799	3800	3831	7205	51225	93426	51582	64837	89953	147700	220047	84329	91419	388135	339005
77	1.0	3039	3040	2323	3691	3198	5125	25945	8763	5025	6584	3846	388677	3241	54461	10874	54910	114971	114990	11202	3885	115817	83900	57047	337968	101060226	100996717
78	1.0	5966	9463	2801	56159	10783	5204	5563	3881	254122	11339	8115	8543	60370	27238	388324	3887	93621	7411	3299	60491	11007	51367	93166	27156	145282	114327	55885	7135	84080	80258	80022	222389	84221	5459	128977	84217	57536	27124	128602	80115	146279	153769	342132	152815	402682	389207	283948	100132341
79	1.0	7532	994	9223	23380	22841	57449	116987	57530	57622	23677	9833	26037	10749	90102
80	1.0	3162	1312	9482	3684	6844	9341	9554	23673	5476	8417	1727	10423	10490	2054	81539	5780	7851	9570	79001	80777	6319	7542	55092	10791	29914	11161
81	1.0	8818	4659	23164	11156	79784	55075	2577	26064	11078	57182	84502	29767	84940	84859	199745	150350	9142	10896	140809
82	1.0	51465	245802	375611
83	1.0	1902	51103	976	728	78987	25844	84197	56928	23555	64768	2531	719	55630	2844	114571	1238	8995	57348	152519
84	1.0	2873	10920	9730	51138	55958	50813	26094	54876	54800	29801	90293	494513
85	1.0	664	56475	3460	4118	2012	219854	4283	64581	51368	969	116441	2014	533	5376	9073	932	55281	7122	55340	85027	83873	130827	132228	222487	388512	613212	100507537
86	1.0	51184	5435	81488	53904	145781	100820829
87	1.0	2890	817	1742	1739	2902	2904	2903	2752	1000	4747	3708	5578	5602	2905	2915	10207	8831	23154	9693	5582	23191	2775	6712	4133	10458	9456	1128	9922	13510	116986	4644	9454	1428	9445	84687	9455	1463	85358	84665	53616	57497
88	1.0	9474	25851	23604	28299	89849	25996	122706
89	1.0	6564	10870	2150	2357	4887	7852	2642	7434	27202	4142	187	8884	7433	27092	53831	4987	11318	2840	554	2862	286530	84709	93377	27334	6870	6583	3062	11250	2864
90	1.0	8470	1613	2314	1073	10409	1211	1212	10093	4645	5756	10109	23242	4643	7111	10096	9209	57584	11344	9948	140465	9052	6494	7171	92521	57482	126353	57175	55589	85439	23094	22998	25921	55930	91624	10634	6764	9824	60312	11217	81873	85464	286262	445815
91	1.0	2059	9502	79634	5994	51168	390535
92	1.0	7444	6786	9217	79867	158747	84236	57620	54407	9527	26123	55852	10424	81542	55591	22862	55325	65992	56704	23592	6535	10282	1186	57613	64924	55117	64215	28972	55676	147007	84447	51259	768	54491	84803	132884	200728
93	1.0	2743	79583	85450	1136	10882	3359	10585	7991	55254	79796	160418	79908	55819	56255	29954	89944	29940	57552	353174	124446	80055	171586	388650
94	1.0	80704	6567	56287	6555	83550	3587	2702	5193	79603	10894	7201	23531	8645	26266	51458	7401	85352	116211	374395	127534	201799	348938	246213
95	1.0	4647	10083	65217	4648	7399	124590	84059	56124	53841	6121	54825	257629
96	1.0	811	3275	3339	4035	3309	3963	7046	4052	1277	4040	7450	5803	2077	7057	3416	7040	5156	81027	10525	5327	10381	5950	1301	23765	79600	50964	3491	55466	130074	5427	64093	8614	80020	80233	90378	1663	90187	8425	55603	25818	10136	51449	84168	90203	51567	147719	7059	8399	10123	80746	3817	116372	23142	10978	10855	125972	3371	10319	7123	54557	144717	64806
97	1.0	9849	51588	10847	26009	57325	51562	23269	22900	55689	64072	2691
98	1.0	317	57169	51433	8906	55324	5189	80700	5884	23102	54680	2117	55655	440275	9742	8458	51750	92799	83648	7011	6305	25917	8131	80169	55764	54663	54849	157680	64423	63922	9677	132160	57139	64411	79613	25895	10518	150763	84343	728294	285190
99	1.0	54972	23420	10509	7474	2050	1138	11285	64222	51706	83440	7368	2135	79414	2131	84918	2530	8703	5360	79937	23231	10678	285203	23670	57190	10331	55033	51384	57715	6768	84000	56548	66005	3249	283464
100	1.0	6256	7013	5430	6929	3838	5888	7267	1495	675	3091	4624	3690	2011	9882	3832	5501	5594	1639	9221	4926	51366	65125	4288	1859	5604	2908	23499	7414	5720	6829	10213	9212	5300	3005	118	9656	9564	5347	5499	8945	6249	6790	7094	7248	1894	56288	8290	6737	23077	7874	23291	8349	23332	23022	165918	1058	5506	10540	9739	6059	5587	10112	5504	23085	79184	84376	23515	84445	85440	81930	9404	55718	132320	10628	55211	22974	11228	83473	125950	114800
101	1.0	7082	332	5573	5318	2495	8411	4625	7917	4085	1191	7251	9150	1500	4851	813	23421	7083	10542	9587	8878	3728	4502	6093	2342	7052	2022	10048	310	5586	23172	9817	8036	4621	6275	1133	7448	23113	29109	5899	51035	9793	23243	9903	22954	5791	5597	6717	8727	63967	6623	2114	57669	2671	57448	54442	9258	221184	84301	84656	9819	84057	11329	8345	23371	283237	59339	388551	9381	55814
